19.0 1.789473684210526 
12.0 3.25 
19.0 1.789473684210526 
12.0 3.25 
19.0 1.789473684210526 
12.0 3.25 
19.0 1.789473684210526 
12.0 3.25 
19.0 1.789473684210526 
12.0 3.25 
19.0 1.789473684210526 
12.0 3.25 
19.0 1.789473684210526 
12.0 3.25 
19.0 1.789473684210526 
12.0 3.25 
19.0 1.789473684210526 
12.0 3.25 
19.0 1.789473684210526 
12.0 3.25 
19.0 1.789473684210526 
12.0 3.25 
19.0 1.789473684210526 
12.0 3.25 
19.0 1.789473684210526 
12.0 3.25 
19.0 1.789473684210526 
12.0 3.25 
19.0 1.789473684210526 
12.0 3.25 
19.0 1.789473684210526 
12.0 3.25 
19.0 1.789473684210526 
12.0 3.25 
19.0 1.789473684210526 
12.0 3.25 
19.0 1.789473684210526 
12.0 3.25 
19.0 1.789473684210526 
12.0 3.25 
19.0 1.789473684210526 
12.0 3.25 
19.0 1.789473684210526 
12.0 3.25 
19.0 1.789473684210526 
12.0 3.25 
19.0 1.789473684210526 
12.0 3.25 
19.0 1.789473684210526 
12.0 3.25 
19.0 1.789473684210526 
12.0 3.25 
19.0 1.789473684210526 
12.0 3.25 
19.0 1.789473684210526 
12.0 3.25 
19.0 1.789473684210526 
12.0 3.25 
19.0 1.789473684210526 
12.0 3.25 
19.0 1.789473684210526 
12.0 3.25 
19.0 1.789473684210526 
12.0 3.25 
19.0 1.789473684210526 
12.0 3.25 
19.0 1.789473684210526 
12.0 3.25 
19.0 1.789473684210526 
12.0 3.25 
19.0 1.789473684210526 
12.0 3.25 
19.0 1.789473684210526 
12.0 3.25 
19.0 1.789473684210526 
12.0 3.25 
19.0 1.789473684210526 
12.0 3.25 
19.0 1.789473684210526 
12.0 3.25 
19.0 1.789473684210526 
12.0 3.25 
19.0 1.789473684210526 
12.0 3.25 
19.0 1.789473684210526 
12.0 3.25 
19.0 1.789473684210526 
12.0 3.25 
19.0 1.789473684210526 
12.0 3.25 
19.0 1.789473684210526 
12.0 3.25 
19.0 1.789473684210526 
12.0 3.25 
19.0 1.789473684210526 
12.0 3.25 
19.0 1.789473684210526 
12.0 3.25 
19.0 1.789473684210526 
12.0 3.25 
