0.8516041209998778 -0.7726229619147267 
2.0428101769301606E-10 1.003966641031372 
0.8233411776314106 -0.4575293949320623 
0.45317836043769844 -0.12322644273030144 
0.6523450428378321 -0.4571743024741254 
0.4094025172208331 0.2421783066427705 
0.6184864719946938 -0.12502619252984487 
0.25766387996748596 0.243028117757848 
0.1824826656558489 0.6697935315498666 
0.0822564932244228 0.6707742926357143 
0.013829656655531652 0.8813399363265397 
0.006457181253574085 0.9203934192853993 
0.019111151889606243 0.8525645315243652 
0.05593565194614719 0.71033998321032 
0.22916507864977492 0.34853918267763906 
0.6330875917296792 -0.33636002176621493 
0.19718607011309716 0.5747771232662351 
0.44421869110357104 -0.09683376038660882 
0.6266782207526416 -0.25666087513579566 
0.2021414263657109 0.5380120102047952 
0.03989126053161997 0.7648260725065531 
0.2198160907090111 0.4044177339667705 
0.4282806786497517 0.01808950304094477 
0.6239314398296226 -0.21503478280669866 
0.06753237531801373 0.6841020202974495 
0.04870906532415667 0.7320218024817825 
0.41202381700733937 0.2073190213714741 
0.6353726915424397 -0.3652570864179732 
0.8364121474730342 -0.6716340958788286 
0.034811824913817346 0.7842048450516528 
0.42509309226214553 0.04784284081454223 
0.4230286966803229 0.0711138931529154 
0.22460126557342233 0.37105760107434804 
0.6304762357980696 -0.3087213029131063 
0.4323122848270864 -0.02374280554395242 
0.8281579189007515 -0.5498111333945187 
0.045090197938430776 0.7450057957608085 
0.43578317836558034 -0.05211256696679857 
0.06580537886777305 0.6999555404858391 
0.8343327793262904 -0.64788540528677 
0.41736559757903346 0.13848842458661853 
0.6216428036421362 -0.1779706676183533 
0.637298254048067 -0.38262822340759395 
0.18648614582975903 0.6465750674413803 
0.21415692946641224 0.450343261855972 
0.20503933073143277 0.5163372915716731 
0.030334889871842796 0.8093707539182298 
0.4480675465482262 -0.11560547130415938 
0.21089176094665388 0.47168247685765424 
0.08019375064867251 0.6714319013444386 
0.42139298666233804 0.09338913931874222 
0.2221779326561451 0.3870907635000092 
0.23778962262071235 0.3084408009388059 
0.6232493184212692 -0.20427778097942872 
0.8295096261960947 -0.5731757415941052 
0.0027432798278253095 0.9491546591571525 
0.19511852277890196 0.5897464203885355 
0.0021001111025216908 0.9770298906772361 
0.21588515713576373 0.43379101264781533 
0.19276989873972084 0.6060097457088236 
0.2462677283367527 0.26056046353716966 
0.629179362844075 -0.291474302037402 
0.8390188385249974 -0.6928412429566211 
0.839023214447724 -0.70476000223012 
0.6451126138979093 -0.43930845041593897 
0.1908584924326464 0.6204777965832542 
0.8320944777331374 -0.5960001036097129 
0.02378943775236886 0.8316074504704865 
0.6203951186651254 -0.15748277305107633 
0.8241376476091558 -0.4708075355330959 
0.6188068765575614 -0.12819453383616214 
0.4272248429357136 0.025392838305422168 
0.23256680463685114 0.3207608362668686 
0.6399833087986699 -0.4032015398140801 
0.20836595698571564 0.4912377354196933 
0.41931382643269177 0.11892058098553382 
0.4130319612411485 0.1937815598913789 
0.1883977132825271 0.6349902820674685 
0.8323829357118632 -0.6196192900978149 
0.6439126131864185 -0.4331875760516836 
0.030873022311801925 0.8006858687746092 
0.4157500802054741 0.15947706172904488 
0.2525250243045901 0.24740097019916696 
0.8268605913109088 -0.5264230311665716 
0.6511067443537291 -0.45634891469879296 
0.4333790039264785 -0.02927909913609063 
0.841317933147515 -0.7266100193955369 
0.8330122346605547 -0.6291762225817865 
0.4382766070168128 -0.06986335545407289 
0.8257717286707008 -0.5057731190908981 
3.918945183103324E-4 0.9844300637185749 
0.023620301699175894 0.8329957772169303 
0.23927301420146485 0.2902920974814896 
0.4382766070168128 -0.06986335545407289 
0.4200889298918038 0.10879855310579885 
0.8434479131094885 -0.7431941930725185 
0.6408157837518664 -0.4136735143465542 
0.8302963719943789 -0.5862925663570782 
0.20494403876782885 0.5300072600692155 
0.41481893720435487 0.17782006188534885 
