111111110110100100101000110011 00110 01000 01111 11111 10000 00010 00000 10000 10010 10011 
100010001001011001011000011000 00110 01010 10010 01100 11100 00110 10100 00001 01000 10100 
111111110110100100101000110011 00110 01000 01111 11111 10000 00010 00000 10000 10010 10011 
100010001001011001011000011000 00110 01010 10010 01100 11100 00110 10100 00001 01000 10100 
111111110110100100101000110011 00110 01000 01111 11111 10000 00010 00000 10000 10010 10011 
100010001001011001011000011000 00110 01010 10010 01100 11100 00110 10100 00001 01000 10100 
111111110110100100101000110011 00110 01000 01111 11111 10000 00010 00000 10000 10010 10011 
100010001001011001011000011000 00110 01010 10010 01100 11100 00110 10100 00001 01000 10100 
111111110110100100101000110011 00110 01000 01111 11111 10000 00010 00000 10000 10010 10011 
100010001001011001011000011000 00110 01010 10010 01100 11100 00110 10100 00001 01000 10100 
111111110110100100101000110011 00110 01000 01111 11111 10000 00010 00000 10000 10010 10011 
100010001001011001011000011000 00110 01010 10010 01100 11100 00110 10100 00001 01000 10100 
111111110110100100101000110011 00110 01000 01111 11111 10000 00010 00000 10000 10010 10011 
100010001001011001011000011000 00110 01010 10010 01100 11100 00110 10100 00001 01000 10100 
111111110110100100101000110011 00110 01000 01111 11111 10000 00010 00000 10000 10010 10011 
100010001001011001011000011000 00110 01010 10010 01100 11100 00110 10100 00001 01000 10100 
111111110110100100101000110011 00110 01000 01111 11111 10000 00010 00000 10000 10010 10011 
100010001001011001011000011000 00110 01010 10010 01100 11100 00110 10100 00001 01000 10100 
111111110110100100101000110011 00110 01000 01111 11111 10000 00010 00000 10000 10010 10011 
100010001001011001011000011000 00110 01010 10010 01100 11100 00110 10100 00001 01000 10100 
111111110110100100101000110011 00110 01000 01111 11111 10000 00010 00000 10000 10010 10011 
100010001001011001011000011000 00110 01010 10010 01100 11100 00110 10100 00001 01000 10100 
111111110110100100101000110011 00110 01000 01111 11111 10000 00010 00000 10000 10010 10011 
100010001001011001011000011000 00110 01010 10010 01100 11100 00110 10100 00001 01000 10100 
111111110110100100101000110011 00110 01000 01111 11111 10000 00010 00000 10000 10010 10011 
100010001001011001011000011000 00110 01010 10010 01100 11100 00110 10100 00001 01000 10100 
111111110110100100101000110011 00110 01000 01111 11111 10000 00010 00000 10000 10010 10011 
100010001001011001011000011000 00110 01010 10010 01100 11100 00110 10100 00001 01000 10100 
111111110110100100101000110011 00110 01000 01111 11111 10000 00010 00000 10000 10010 10011 
100010001001011001011000011000 00110 01010 10010 01100 11100 00110 10100 00001 01000 10100 
111111110110100100101000110011 00110 01000 01111 11111 10000 00010 00000 10000 10010 10011 
100010001001011001011000011000 00110 01010 10010 01100 11100 00110 10100 00001 01000 10100 
111111110110100100101000110011 00110 01000 01111 11111 10000 00010 00000 10000 10010 10011 
100010001001011001011000011000 00110 01010 10010 01100 11100 00110 10100 00001 01000 10100 
111111110110100100101000110011 00110 01000 01111 11111 10000 00010 00000 10000 10010 10011 
100010001001011001011000011000 00110 01010 10010 01100 11100 00110 10100 00001 01000 10100 
111111110110100100101000110011 00110 01000 01111 11111 10000 00010 00000 10000 10010 10011 
100010001001011001011000011000 00110 01010 10010 01100 11100 00110 10100 00001 01000 10100 
111111110110100100101000110011 00110 01000 01111 11111 10000 00010 00000 10000 10010 10011 
100010001001011001011000011000 00110 01010 10010 01100 11100 00110 10100 00001 01000 10100 
111111110110100100101000110011 00110 01000 01111 11111 10000 00010 00000 10000 10010 10011 
100010001001011001011000011000 00110 01010 10010 01100 11100 00110 10100 00001 01000 10100 
111111110110100100101000110011 00110 01000 01111 11111 10000 00010 00000 10000 10010 10011 
100010001001011001011000011000 00110 01010 10010 01100 11100 00110 10100 00001 01000 10100 
111111110110100100101000110011 00110 01000 01111 11111 10000 00010 00000 10000 10010 10011 
100010001001011001011000011000 00110 01010 10010 01100 11100 00110 10100 00001 01000 10100 
111111110110100100101000110011 00110 01000 01111 11111 10000 00010 00000 10000 10010 10011 
100010001001011001011000011000 00110 01010 10010 01100 11100 00110 10100 00001 01000 10100 
111111110110100100101000110011 00110 01000 01111 11111 10000 00010 00000 10000 10010 10011 
100010001001011001011000011000 00110 01010 10010 01100 11100 00110 10100 00001 01000 10100 
111111110110100100101000110011 00110 01000 01111 11111 10000 00010 00000 10000 10010 10011 
100010001001011001011000011000 00110 01010 10010 01100 11100 00110 10100 00001 01000 10100 
111111110110100100101000110011 00110 01000 01111 11111 10000 00010 00000 10000 10010 10011 
100010001001011001011000011000 00110 01010 10010 01100 11100 00110 10100 00001 01000 10100 
111111110110100100101000110011 00110 01000 01111 11111 10000 00010 00000 10000 10010 10011 
100010001001011001011000011000 00110 01010 10010 01100 11100 00110 10100 00001 01000 10100 
111111110110100100101000110011 00110 01000 01111 11111 10000 00010 00000 10000 10010 10011 
100010001001011001011000011000 00110 01010 10010 01100 11100 00110 10100 00001 01000 10100 
111111110110100100101000110011 00110 01000 01111 11111 10000 00010 00000 10000 10010 10011 
100010001001011001011000011000 00110 01010 10010 01100 11100 00110 10100 00001 01000 10100 
111111110110100100101000110011 00110 01000 01111 11111 10000 00010 00000 10000 10010 10011 
100010001001011001011000011000 00110 01010 10010 01100 11100 00110 10100 00001 01000 10100 
111111110110100100101000110011 00110 01000 01111 11111 10000 00010 00000 10000 10010 10011 
100010001001011001011000011000 00110 01010 10010 01100 11100 00110 10100 00001 01000 10100 
111111110110100100101000110011 00110 01000 01111 11111 10000 00010 00000 10000 10010 10011 
100010001001011001011000011000 00110 01010 10010 01100 11100 00110 10100 00001 01000 10100 
111111110110100100101000110011 00110 01000 01111 11111 10000 00010 00000 10000 10010 10011 
100010001001011001011000011000 00110 01010 10010 01100 11100 00110 10100 00001 01000 10100 
111111110110100100101000110011 00110 01000 01111 11111 10000 00010 00000 10000 10010 10011 
100010001001011001011000011000 00110 01010 10010 01100 11100 00110 10100 00001 01000 10100 
111111110110100100101000110011 00110 01000 01111 11111 10000 00010 00000 10000 10010 10011 
100010001001011001011000011000 00110 01010 10010 01100 11100 00110 10100 00001 01000 10100 
111111110110100100101000110011 00110 01000 01111 11111 10000 00010 00000 10000 10010 10011 
100010001001011001011000011000 00110 01010 10010 01100 11100 00110 10100 00001 01000 10100 
111111110110100100101000110011 00110 01000 01111 11111 10000 00010 00000 10000 10010 10011 
100010001001011001011000011000 00110 01010 10010 01100 11100 00110 10100 00001 01000 10100 
111111110110100100101000110011 00110 01000 01111 11111 10000 00010 00000 10000 10010 10011 
100010001001011001011000011000 00110 01010 10010 01100 11100 00110 10100 00001 01000 10100 
111111110110100100101000110011 00110 01000 01111 11111 10000 00010 00000 10000 10010 10011 
100010001001011001011000011000 00110 01010 10010 01100 11100 00110 10100 00001 01000 10100 
111111110110100100101000110011 00110 01000 01111 11111 10000 00010 00000 10000 10010 10011 
100010001001011001011000011000 00110 01010 10010 01100 11100 00110 10100 00001 01000 10100 
111111110110100100101000110011 00110 01000 01111 11111 10000 00010 00000 10000 10010 10011 
100010001001011001011000011000 00110 01010 10010 01100 11100 00110 10100 00001 01000 10100 
111111110110100100101000110011 00110 01000 01111 11111 10000 00010 00000 10000 10010 10011 
100010001001011001011000011000 00110 01010 10010 01100 11100 00110 10100 00001 01000 10100 
111111110110100100101000110011 00110 01000 01111 11111 10000 00010 00000 10000 10010 10011 
100010001001011001011000011000 00110 01010 10010 01100 11100 00110 10100 00001 01000 10100 
111111110110100100101000110011 00110 01000 01111 11111 10000 00010 00000 10000 10010 10011 
100010001001011001011000011000 00110 01010 10010 01100 11100 00110 10100 00001 01000 10100 
111111110110100100101000110011 00110 01000 01111 11111 10000 00010 00000 10000 10010 10011 
100010001001011001011000011000 00110 01010 10010 01100 11100 00110 10100 00001 01000 10100 
111111110110100100101000110011 00110 01000 01111 11111 10000 00010 00000 10000 10010 10011 
100010001001011001011000011000 00110 01010 10010 01100 11100 00110 10100 00001 01000 10100 
111111110110100100101000110011 00110 01000 01111 11111 10000 00010 00000 10000 10010 10011 
100010001001011001011000011000 00110 01010 10010 01100 11100 00110 10100 00001 01000 10100 
111111110110100100101000110011 00110 01000 01111 11111 10000 00010 00000 10000 10010 10011 
100010001001011001011000011000 00110 01010 10010 01100 11100 00110 10100 00001 01000 10100 
111111110110100100101000110011 00110 01000 01111 11111 10000 00010 00000 10000 10010 10011 
100010001001011001011000011000 00110 01010 10010 01100 11100 00110 10100 00001 01000 10100 
